0.751042500383979, 0.7527725898764611, 0.7510425003839791, 0.7429443776373725
0.7774936812539082, 0.7630763632026926, 0.7774936812539082, 0.7214446077914999

0.7866362656308544, 0.7472856409054716, 0.7290562052524484, 0.776305943165723
0.8232897475123813, 0.7598762844087459, 0.7631771736315152, 0.8157082096961448

0.7846454693302165, 0.7760934770215601, 0.7416869879841099, 0.7795228202678416
0.8208041259897868, 0.7643017280065368, 0.77406712084813, 0.8145313114507349

0.7431391333685718, 0.7333470073656746, 0.750281558621594, 0.737158573355631
0.8042940018750725, 0.7248902884688038, 0.80975824162744, 0.73208471797391

0.7318990832906654, 0.7133145626488044, 0.7424778644393651, 0.7207798122014506
0.7233850648619888, 0.7178997969465641, 0.7350666369923008, 0.7252722858037254

0.7846454693302165, 0.7760934770215601, 0.7416869879841099, 0.7795228202678416
0.8208041259897868, 0.7643017280065368, 0.77406712084813, 0.8145313114507349
